32
NULL 0 NULL 0
Joined 0 0,255,0,255,0,0,0,0,0,0 NULL 0 0 0 	# Joined [4a 6f 69 6e 65 64 ]
|Broken|0|1 0 0,255,0,255,0,0,0,0,0,0 NULL 0 0 0 	# Broken
S 0 0,255,0,255,0,0,0,0,0,0 NULL 0 0 0 	# S [53 ]
U 0 0,255,0,255,0,0,0,0,0,0 NULL 0 0 0 	# U [55 ]
P 0 0,255,0,255,0,0,0,0,0,0 NULL 0 0 0 	# P [50 ]
1 0 0,255,0,255,0,0,0,0,0,0 NULL 0 0 0 	# 1 [31 ]
A 0 0,255,0,255,0,0,0,0,0,0 NULL 0 0 0 	# A [41 ]
3 0 0,255,0,255,0,0,0,0,0,0 NULL 0 0 0 	# 3 [33 ]
4 0 0,255,0,255,0,0,0,0,0,0 NULL 0 0 0 	# 4 [34 ]
Y 0 0,255,0,255,0,0,0,0,0,0 NULL 0 0 0 	# Y [59 ]
Z 0 0,255,0,255,0,0,0,0,0,0 NULL 0 0 0 	# Z [5a ]
6 0 0,255,0,255,0,0,0,0,0,0 NULL 0 0 0 	# 6 [36 ]
R 0 0,255,0,255,0,0,0,0,0,0 NULL 0 0 0 	# R [52 ]
G 0 0,255,0,255,0,0,0,0,0,0 NULL 0 0 0 	# G [47 ]
J 0 0,255,0,255,0,0,0,0,0,0 NULL 0 0 0 	# J [4a ]
E 0 0,255,0,255,0,0,0,0,0,0 NULL 0 0 0 	# E [45 ]
W 0 0,255,0,255,0,0,0,0,0,0 NULL 0 0 0 	# W [57 ]
8 0 0,255,0,255,0,0,0,0,0,0 NULL 0 0 0 	# 8 [38 ]
9 0 0,255,0,255,0,0,0,0,0,0 NULL 0 0 0 	# 9 [39 ]
2 0 0,255,0,255,0,0,0,0,0,0 NULL 0 0 0 	# 2 [32 ]
F 0 0,255,0,255,0,0,0,0,0,0 NULL 0 0 0 	# F [46 ]
X 0 0,255,0,255,0,0,0,0,0,0 NULL 0 0 0 	# X [58 ]
C 0 0,255,0,255,0,0,0,0,0,0 NULL 0 0 0 	# C [43 ]
N 0 0,255,0,255,0,0,0,0,0,0 NULL 0 0 0 	# N [4e ]
7 0 0,255,0,255,0,0,0,0,0,0 NULL 0 0 0 	# 7 [37 ]
K 0 0,255,0,255,0,0,0,0,0,0 NULL 0 0 0 	# K [4b ]
B 0 0,255,0,255,0,0,0,0,0,0 NULL 0 0 0 	# B [42 ]
M 0 0,255,0,255,0,0,0,0,0,0 NULL 0 0 0 	# M [4d ]
p 0 0,255,0,255,0,0,0,0,0,0 NULL 0 0 0 	# p [70 ]
D 0 0,255,0,255,0,0,0,0,0,0 NULL 0 0 0 	# D [44 ]
Q 0 0,255,0,255,0,0,0,0,0,0 NULL 0 0 0 	# Q [51 ]
